67640 26808 943 460 0 48044 0
67644 26821 943 460 0 48048 0
67648 26846 943 460 0 48052 0
67648 26850 943 460 0 48052 0
67652 26858 943 460 0 48056 0
67652 26870 943 460 0 48056 0
67656 26880 943 460 0 48060 0
67656 26884 943 460 0 48060 0
67656 26884 943 460 0 48060 0
67656 26884 943 460 0 48060 0
67656 26890 943 460 0 48060 0
67660 26900 943 460 0 48064 0
67660 26904 943 460 0 48064 0
67660 26906 943 460 0 48064 0
67660 26910 943 460 0 48064 0
67660 26910 943 460 0 48064 0
67664 26916 943 460 0 48068 0
67664 26918 943 460 0 48068 0
67664 26918 943 460 0 48068 0
67664 26918 943 460 0 48068 0
67664 26921 943 460 0 48068 0
67664 26929 943 460 0 48068 0
67664 26929 943 460 0 48068 0
67664 26931 943 460 0 48068 0
67664 26931 943 460 0 48068 0
67664 26931 943 460 0 48068 0
67668 26939 943 460 0 48072 0
67668 26939 943 460 0 48072 0
67668 26939 943 460 0 48072 0
67668 26945 943 460 0 48072 0
67668 26949 943 460 0 48072 0
67668 26949 943 460 0 48072 0
67668 26949 943 460 0 48072 0
67668 26949 943 460 0 48072 0
67668 26949 943 460 0 48072 0
67668 26951 943 460 0 48072 0
67668 26951 943 460 0 48072 0
67668 26951 943 460 0 48072 0
67668 26951 943 460 0 48072 0
67672 26957 943 460 0 48076 0
67672 26961 943 460 0 48076 0
67672 26961 943 460 0 48076 0
67672 26961 943 460 0 48076 0
67672 26969 943 460 0 48076 0
67672 26969 943 460 0 48076 0
67672 26969 943 460 0 48076 0
67672 26969 943 460 0 48076 0
67672 26969 943 460 0 48076 0
67672 26969 943 460 0 48076 0
67672 26969 943 460 0 48076 0
67672 26969 943 460 0 48076 0
67672 26971 943 460 0 48076 0
67672 26971 943 460 0 48076 0
67672 26971 943 460 0 48076 0
67676 26979 943 460 0 48080 0
67676 26979 943 460 0 48080 0
67676 26979 943 460 0 48080 0
67676 26981 943 460 0 48080 0
67676 26981 943 460 0 48080 0
67676 26981 943 460 0 48080 0
67676 26981 943 460 0 48080 0
67676 26981 943 460 0 48080 0
67676 26987 943 460 0 48080 0
67676 26991 943 460 0 48080 0
67676 26991 943 460 0 48080 0
67676 26991 943 460 0 48080 0
67680 26997 943 460 0 48084 0
67680 26997 943 460 0 48084 0
67680 26997 943 460 0 48084 0
67680 26997 943 460 0 48084 0
67680 27001 943 460 0 48084 0
67680 27001 943 460 0 48084 0
67680 27001 943 460 0 48084 0
67680 27003 943 460 0 48084 0
67680 27003 943 460 0 48084 0
67680 27003 943 460 0 48084 0
67680 27003 943 460 0 48084 0
67680 27003 943 460 0 48084 0
67680 27003 943 460 0 48084 0
67680 27003 943 460 0 48084 0
67680 27009 943 460 0 48084 0
67680 27009 943 460 0 48084 0
67680 27009 943 460 0 48084 0
67680 27009 943 460 0 48084 0
67680 27009 943 460 0 48084 0
67680 27009 943 460 0 48084 0
67680 27009 943 460 0 48084 0
67680 27009 943 460 0 48084 0
67680 27009 943 460 0 48084 0
67680 27009 943 460 0 48084 0
67680 27009 943 460 0 48084 0
67680 27009 943 460 0 48084 0
67680 27011 943 460 0 48084 0
67680 27011 943 460 0 48084 0
67684 27019 943 460 0 48088 0
67684 27019 943 460 0 48088 0
67684 27019 943 460 0 48088 0
67684 27019 943 460 0 48088 0
67684 27019 943 460 0 48088 0
67684 27019 943 460 0 48088 0
67684 27019 943 460 0 48088 0
67684 27019 943 460 0 48088 0
67684 27019 943 460 0 48088 0
67684 27019 943 460 0 48088 0
67684 27019 943 460 0 48088 0
67684 27019 943 460 0 48088 0
67684 27019 943 460 0 48088 0
67684 27019 943 460 0 48088 0
67684 27019 943 460 0 48088 0
67684 27019 943 460 0 48088 0
67684 27019 943 460 0 48088 0
67684 27019 943 460 0 48088 0
67684 27019 943 460 0 48088 0
67684 27019 943 460 0 48088 0
67684 27019 943 460 0 48088 0
67684 27019 943 460 0 48088 0
67684 27019 943 460 0 48088 0
67684 27019 943 460 0 48088 0
67684 27019 943 460 0 48088 0
67684 27022 943 460 0 48088 0
67684 27022 943 460 0 48088 0
67684 27022 943 460 0 48088 0
67684 27024 943 460 0 48088 0
67684 27024 943 460 0 48088 0
67684 27024 943 460 0 48088 0
67688 27036 943 460 0 48092 0
67688 27036 943 460 0 48092 0
67688 27036 943 460 0 48092 0
67688 27036 943 460 0 48092 0
67688 27036 943 460 0 48092 0
67688 27036 943 460 0 48092 0
67688 27036 943 460 0 48092 0
67688 27036 943 460 0 48092 0
67688 27036 943 460 0 48092 0
67688 27036 943 460 0 48092 0
67688 27036 943 460 0 48092 0
67688 27036 943 460 0 48092 0
67688 27036 943 460 0 48092 0
67688 27036 943 460 0 48092 0
67688 27036 943 460 0 48092 0
67688 27036 943 460 0 48092 0
67688 27036 943 460 0 48092 0
67688 27036 943 460 0 48092 0
67688 27036 943 460 0 48092 0
67688 27036 943 460 0 48092 0
67688 27036 943 460 0 48092 0
67688 27037 943 460 0 48092 0
67688 27039 943 460 0 48092 0
67688 27039 943 460 0 48092 0
67688 27039 943 460 0 48092 0
67688 27039 943 460 0 48092 0
67688 27039 943 460 0 48092 0
67688 27039 943 460 0 48092 0
67688 27041 943 460 0 48092 0
67688 27041 943 460 0 48092 0
67688 27043 943 460 0 48092 0
67688 27045 943 460 0 48092 0
67688 27047 943 460 0 48092 0
67688 27047 943 460 0 48092 0
67688 27047 943 460 0 48092 0
67688 27047 943 460 0 48092 0
67688 27047 943 460 0 48092 0
67688 27047 943 460 0 48092 0
67688 27049 943 460 0 48092 0
67688 27049 943 460 0 48092 0
67688 27049 943 460 0 48092 0
67688 27049 943 460 0 48092 0
67688 27049 943 460 0 48092 0
67688 27049 943 460 0 48092 0
67688 27049 943 460 0 48092 0
67688 27049 943 460 0 48092 0
67688 27051 943 460 0 48092 0
67692 27057 943 460 0 48096 0
67692 27057 943 460 0 48096 0
67692 27057 943 460 0 48096 0
67692 27057 943 460 0 48096 0
67692 27057 943 460 0 48096 0
67692 27057 943 460 0 48096 0
67692 27057 943 460 0 48096 0
67692 27057 943 460 0 48096 0
67692 27057 943 460 0 48096 0
67692 27057 943 460 0 48096 0
67692 27057 943 460 0 48096 0
67692 27057 943 460 0 48096 0
67692 27057 943 460 0 48096 0
67692 27057 943 460 0 48096 0
67692 27057 943 460 0 48096 0
67692 27057 943 460 0 48096 0
67692 27057 943 460 0 48096 0
67692 27057 943 460 0 48096 0
67692 27057 943 460 0 48096 0
67692 27057 943 460 0 48096 0
67692 27057 943 460 0 48096 0
67692 27057 943 460 0 48096 0
67692 27057 943 460 0 48096 0
67692 27057 943 460 0 48096 0
67692 27057 943 460 0 48096 0
67692 27057 943 460 0 48096 0
67692 27057 943 460 0 48096 0
67692 27057 943 460 0 48096 0
67692 27057 943 460 0 48096 0
67692 27057 943 460 0 48096 0
67692 27057 943 460 0 48096 0
67692 27057 943 460 0 48096 0
67692 27057 943 460 0 48096 0
67692 27057 943 460 0 48096 0
67692 27057 943 460 0 48096 0
67692 27057 943 460 0 48096 0
67692 27057 943 460 0 48096 0
67692 27057 943 460 0 48096 0
67692 27057 943 460 0 48096 0
67692 27057 943 460 0 48096 0
67692 27057 943 460 0 48096 0
67692 27057 943 460 0 48096 0
67692 27057 943 460 0 48096 0
67692 27057 943 460 0 48096 0
67692 27057 943 460 0 48096 0
67692 27057 943 460 0 48096 0
67692 27057 943 460 0 48096 0
67692 27057 943 460 0 48096 0
67692 27057 943 460 0 48096 0
67692 27057 943 460 0 48096 0
67692 27057 943 460 0 48096 0
67692 27057 943 460 0 48096 0
67692 27057 943 460 0 48096 0
67692 27057 943 460 0 48096 0
67692 27058 943 460 0 48096 0
67692 27058 943 460 0 48096 0
67692 27058 943 460 0 48096 0
67692 27058 943 460 0 48096 0
67692 27058 943 460 0 48096 0
67692 27058 943 460 0 48096 0
67692 27058 943 460 0 48096 0
67692 27058 943 460 0 48096 0
67692 27058 943 460 0 48096 0
67692 27058 943 460 0 48096 0
67692 27058 943 460 0 48096 0
67692 27059 943 460 0 48096 0
67692 27059 943 460 0 48096 0
67692 27059 943 460 0 48096 0
67692 27059 943 460 0 48096 0
67692 27059 943 460 0 48096 0
67692 27059 943 460 0 48096 0
67692 27059 943 460 0 48096 0
67692 27059 943 460 0 48096 0
67692 27059 943 460 0 48096 0
67692 27059 943 460 0 48096 0
67692 27059 943 460 0 48096 0
67692 27059 943 460 0 48096 0
67692 27059 943 460 0 48096 0
67692 27059 943 460 0 48096 0
67692 27059 943 460 0 48096 0
67692 27059 943 460 0 48096 0
67692 27059 943 460 0 48096 0
67692 27059 943 460 0 48096 0
67692 27059 943 460 0 48096 0
67692 27059 943 460 0 48096 0
67692 27059 943 460 0 48096 0
67692 27059 943 460 0 48096 0
67692 27059 943 460 0 48096 0
67692 27059 943 460 0 48096 0
67692 27059 943 460 0 48096 0
67692 27059 943 460 0 48096 0
67692 27059 943 460 0 48096 0
67692 27059 943 460 0 48096 0
67692 27059 943 460 0 48096 0
67692 27059 943 460 0 48096 0
67692 27059 943 460 0 48096 0
67692 27059 943 460 0 48096 0
67692 27059 943 460 0 48096 0
67692 27059 943 460 0 48096 0
67692 27059 943 460 0 48096 0
67692 27059 943 460 0 48096 0
67692 27059 943 460 0 48096 0
67692 27059 943 460 0 48096 0
67692 27059 943 460 0 48096 0
67692 27059 943 460 0 48096 0
67692 27059 943 460 0 48096 0
67692 27059 943 460 0 48096 0
67692 27059 943 460 0 48096 0
67692 27062 943 460 0 48096 0
67692 27062 943 460 0 48096 0
67692 27062 943 460 0 48096 0
67692 27062 943 460 0 48096 0
67692 27062 943 460 0 48096 0
67692 27062 943 460 0 48096 0
67692 27062 943 460 0 48096 0
67692 27062 943 460 0 48096 0
67692 27062 943 460 0 48096 0
67692 27066 943 460 0 48096 0
67692 27066 943 460 0 48096 0
67692 27066 943 460 0 48096 0
67692 27066 943 460 0 48096 0
67692 27066 943 460 0 48096 0
67692 27066 943 460 0 48096 0
67692 27066 943 460 0 48096 0
67692 27066 943 460 0 48096 0
67692 27066 943 460 0 48096 0
67692 27066 943 460 0 48096 0
67692 27066 943 460 0 48096 0
67692 27066 943 460 0 48096 0
67692 27066 943 460 0 48096 0
67692 27066 943 460 0 48096 0
67692 27066 943 460 0 48096 0
67692 27066 943 460 0 48096 0
67692 27066 943 460 0 48096 0
67692 27066 943 460 0 48096 0
67692 27066 943 460 0 48096 0
67692 27066 943 460 0 48096 0
67692 27066 943 460 0 48096 0
67692 27066 943 460 0 48096 0
67692 27066 943 460 0 48096 0
67692 27066 943 460 0 48096 0
67692 27066 943 460 0 48096 0
67692 27066 943 460 0 48096 0
67692 27066 943 460 0 48096 0
67692 27066 943 460 0 48096 0
67692 27066 943 460 0 48096 0
67692 27066 943 460 0 48096 0
67692 27066 943 460 0 48096 0
67692 27066 943 460 0 48096 0
67692 27066 943 460 0 48096 0
67692 27066 943 460 0 48096 0
67692 27066 943 460 0 48096 0
67692 27066 943 460 0 48096 0
67692 27066 943 460 0 48096 0
67692 27066 943 460 0 48096 0
67692 27066 943 460 0 48096 0
67692 27066 943 460 0 48096 0
67692 27066 943 460 0 48096 0
67692 27066 943 460 0 48096 0
67692 27066 943 460 0 48096 0
67692 27066 943 460 0 48096 0
67692 27066 943 460 0 48096 0
67692 27066 943 460 0 48096 0
67692 27066 943 460 0 48096 0
67692 27066 943 460 0 48096 0
67692 27066 943 460 0 48096 0
67692 27066 943 460 0 48096 0
67692 27066 943 460 0 48096 0
67692 27066 943 460 0 48096 0
67692 27066 943 460 0 48096 0
67692 27066 943 460 0 48096 0
67692 27066 943 460 0 48096 0
67692 27066 943 460 0 48096 0
67692 27066 943 460 0 48096 0
67692 27066 943 460 0 48096 0
67692 27066 943 460 0 48096 0
67692 27066 943 460 0 48096 0
67692 27066 943 460 0 48096 0
67692 27066 943 460 0 48096 0
67692 27066 943 460 0 48096 0
67692 27066 943 460 0 48096 0
67692 27066 943 460 0 48096 0
67692 27066 943 460 0 48096 0
67692 27066 943 460 0 48096 0
67692 27066 943 460 0 48096 0
67692 27066 943 460 0 48096 0
67692 27066 943 460 0 48096 0
67692 27066 943 460 0 48096 0
67692 27066 943 460 0 48096 0
67692 27066 943 460 0 48096 0
67692 27066 943 460 0 48096 0
67692 27066 943 460 0 48096 0
67692 27066 943 460 0 48096 0
67692 27066 943 460 0 48096 0
67692 27066 943 460 0 48096 0
67692 27066 943 460 0 48096 0
67692 27066 943 460 0 48096 0
67692 27066 943 460 0 48096 0
67692 27066 943 460 0 48096 0
67692 27066 943 460 0 48096 0
67692 27066 943 460 0 48096 0
67692 27066 943 460 0 48096 0
67692 27066 943 460 0 48096 0
67692 27066 943 460 0 48096 0
67692 27066 943 460 0 48096 0
67692 27066 943 460 0 48096 0
67692 27066 943 460 0 48096 0
67692 27068 943 460 0 48096 0
67692 27068 943 460 0 48096 0
67692 27068 943 460 0 48096 0
67692 27068 943 460 0 48096 0
67692 27068 943 460 0 48096 0
67692 27068 943 460 0 48096 0
67692 27068 943 460 0 48096 0
67692 27068 943 460 0 48096 0
67692 27068 943 460 0 48096 0
67692 27068 943 460 0 48096 0
67692 27068 943 460 0 48096 0
67692 27068 943 460 0 48096 0
67692 27068 943 460 0 48096 0
67692 27068 943 460 0 48096 0
67692 27068 943 460 0 48096 0
67692 27068 943 460 0 48096 0
67692 27068 943 460 0 48096 0
67692 27068 943 460 0 48096 0
67692 27068 943 460 0 48096 0
67692 27068 943 460 0 48096 0
67692 27068 943 460 0 48096 0
67692 27068 943 460 0 48096 0
67692 27068 943 460 0 48096 0
67692 27068 943 460 0 48096 0
67692 27068 943 460 0 48096 0
67692 27068 943 460 0 48096 0
67692 27068 943 460 0 48096 0
67692 27068 943 460 0 48096 0
67692 27070 943 460 0 48096 0
67692 27070 943 460 0 48096 0
67692 27072 943 460 0 48096 0
67692 27072 943 460 0 48096 0
67692 27072 943 460 0 48096 0
67692 27072 943 460 0 48096 0
67692 27072 943 460 0 48096 0
67692 27072 943 460 0 48096 0
67692 27072 943 460 0 48096 0
67692 27072 943 460 0 48096 0
67692 27072 943 460 0 48096 0
67692 27072 943 460 0 48096 0
67692 27072 943 460 0 48096 0
67692 27072 943 460 0 48096 0
67692 27072 943 460 0 48096 0
67692 27072 943 460 0 48096 0
67692 27072 943 460 0 48096 0
67692 27072 943 460 0 48096 0
67692 27072 943 460 0 48096 0
67692 27072 943 460 0 48096 0
67692 27072 943 460 0 48096 0
67692 27072 943 460 0 48096 0
67692 27072 943 460 0 48096 0
67692 27072 943 460 0 48096 0
67692 27072 943 460 0 48096 0
67692 27072 943 460 0 48096 0
67692 27072 943 460 0 48096 0
67692 27072 943 460 0 48096 0
67692 27072 943 460 0 48096 0
67692 27072 943 460 0 48096 0
67692 27072 943 460 0 48096 0
67692 27072 943 460 0 48096 0
67692 27072 943 460 0 48096 0
67692 27072 943 460 0 48096 0
67692 27072 943 460 0 48096 0
67692 27072 943 460 0 48096 0
67692 27072 943 460 0 48096 0
67692 27072 943 460 0 48096 0
67692 27072 943 460 0 48096 0
67692 27072 943 460 0 48096 0
67692 27072 943 460 0 48096 0
67692 27072 943 460 0 48096 0
67692 27072 943 460 0 48096 0
67692 27072 943 460 0 48096 0
67692 27072 943 460 0 48096 0
67692 27072 943 460 0 48096 0
67692 27072 943 460 0 48096 0
67692 27072 943 460 0 48096 0
67692 27072 943 460 0 48096 0
67692 27072 943 460 0 48096 0
67692 27072 943 460 0 48096 0
67692 27072 943 460 0 48096 0
67692 27072 943 460 0 48096 0
67692 27072 943 460 0 48096 0
67692 27072 943 460 0 48096 0
67692 27072 943 460 0 48096 0
67692 27072 943 460 0 48096 0
67692 27072 943 460 0 48096 0
67696 27078 943 460 0 48100 0
67696 27080 943 460 0 48100 0
67696 27080 943 460 0 48100 0
67696 27080 943 460 0 48100 0
67696 27080 943 460 0 48100 0
67696 27080 943 460 0 48100 0
67696 27080 943 460 0 48100 0
67696 27080 943 460 0 48100 0
67696 27080 943 460 0 48100 0
67696 27080 943 460 0 48100 0
67696 27080 943 460 0 48100 0
67696 27080 943 460 0 48100 0
67696 27080 943 460 0 48100 0
67696 27080 943 460 0 48100 0
67696 27080 943 460 0 48100 0
67696 27080 943 460 0 48100 0
67696 27080 943 460 0 48100 0
67696 27080 943 460 0 48100 0
67696 27080 943 460 0 48100 0
67696 27080 943 460 0 48100 0
67696 27080 943 460 0 48100 0
67696 27080 943 460 0 48100 0
67696 27080 943 460 0 48100 0
67696 27080 943 460 0 48100 0
67696 27080 943 460 0 48100 0
67696 27080 943 460 0 48100 0
67696 27080 943 460 0 48100 0
67696 27080 943 460 0 48100 0
67696 27080 943 460 0 48100 0
67696 27080 943 460 0 48100 0
67696 27080 943 460 0 48100 0
67696 27080 943 460 0 48100 0
67696 27080 943 460 0 48100 0
67696 27080 943 460 0 48100 0
67696 27080 943 460 0 48100 0
67696 27080 943 460 0 48100 0
67696 27080 943 460 0 48100 0
67696 27080 943 460 0 48100 0
67696 27080 943 460 0 48100 0
67696 27080 943 460 0 48100 0
67696 27080 943 460 0 48100 0
67696 27080 943 460 0 48100 0
67696 27080 943 460 0 48100 0
67696 27080 943 460 0 48100 0
67696 27080 943 460 0 48100 0
67696 27080 943 460 0 48100 0
67696 27080 943 460 0 48100 0
67696 27080 943 460 0 48100 0
67696 27080 943 460 0 48100 0
67696 27080 943 460 0 48100 0
67696 27080 943 460 0 48100 0
67696 27080 943 460 0 48100 0
67696 27080 943 460 0 48100 0
67696 27080 943 460 0 48100 0
67696 27080 943 460 0 48100 0
67696 27080 943 460 0 48100 0
67696 27080 943 460 0 48100 0
67696 27080 943 460 0 48100 0
67696 27080 943 460 0 48100 0
67696 27080 943 460 0 48100 0
67696 27080 943 460 0 48100 0
67696 27080 943 460 0 48100 0
67696 27080 943 460 0 48100 0
67696 27080 943 460 0 48100 0
67696 27080 943 460 0 48100 0
67696 27080 943 460 0 48100 0
67696 27080 943 460 0 48100 0
67696 27080 943 460 0 48100 0
67696 27080 943 460 0 48100 0
67696 27080 943 460 0 48100 0
67696 27080 943 460 0 48100 0
67696 27080 943 460 0 48100 0
67696 27080 943 460 0 48100 0
67696 27080 943 460 0 48100 0
67696 27080 943 460 0 48100 0
67696 27080 943 460 0 48100 0
67696 27080 943 460 0 48100 0
67696 27080 943 460 0 48100 0
67696 27080 943 460 0 48100 0
67696 27080 943 460 0 48100 0
67696 27080 943 460 0 48100 0
67696 27080 943 460 0 48100 0
67696 27080 943 460 0 48100 0
67696 27080 943 460 0 48100 0
67696 27080 943 460 0 48100 0
67696 27080 943 460 0 48100 0
67696 27080 943 460 0 48100 0
67696 27080 943 460 0 48100 0
67696 27080 943 460 0 48100 0
67696 27080 943 460 0 48100 0
67696 27080 943 460 0 48100 0
67696 27080 943 460 0 48100 0
67696 27080 943 460 0 48100 0
67696 27080 943 460 0 48100 0
67696 27080 943 460 0 48100 0
67696 27080 943 460 0 48100 0
67696 27081 943 460 0 48100 0
67696 27081 943 460 0 48100 0
67696 27081 943 460 0 48100 0
67696 27081 943 460 0 48100 0
67696 27081 943 460 0 48100 0
67696 27081 943 460 0 48100 0
67696 27081 943 460 0 48100 0
67696 27081 943 460 0 48100 0
67696 27081 943 460 0 48100 0
67696 27081 943 460 0 48100 0
67696 27081 943 460 0 48100 0
67696 27081 943 460 0 48100 0
67696 27081 943 460 0 48100 0
67696 27081 943 460 0 48100 0
67696 27081 943 460 0 48100 0
67696 27081 943 460 0 48100 0
67696 27081 943 460 0 48100 0
67696 27081 943 460 0 48100 0
67696 27081 943 460 0 48100 0
67696 27081 943 460 0 48100 0
67696 27081 943 460 0 48100 0
67696 27081 943 460 0 48100 0
67696 27081 943 460 0 48100 0
67696 27081 943 460 0 48100 0
67696 27081 943 460 0 48100 0
67696 27081 943 460 0 48100 0
67696 27081 943 460 0 48100 0
67696 27081 943 460 0 48100 0
67696 27081 943 460 0 48100 0
67696 27081 943 460 0 48100 0
67696 27081 943 460 0 48100 0
67696 27081 943 460 0 48100 0
67696 27081 943 460 0 48100 0
67696 27081 943 460 0 48100 0
67696 27081 943 460 0 48100 0
67696 27081 943 460 0 48100 0
67696 27081 943 460 0 48100 0
67696 27083 943 460 0 48100 0
67696 27083 943 460 0 48100 0
67696 27083 943 460 0 48100 0
67696 27083 943 460 0 48100 0
67696 27083 943 460 0 48100 0
67696 27083 943 460 0 48100 0
67696 27083 943 460 0 48100 0
67696 27083 943 460 0 48100 0
67696 27083 943 460 0 48100 0
67696 27083 943 460 0 48100 0
67696 27083 943 460 0 48100 0
67696 27083 943 460 0 48100 0
67696 27083 943 460 0 48100 0
67696 27085 943 460 0 48100 0
67696 27085 943 460 0 48100 0
67696 27085 943 460 0 48100 0
67696 27085 943 460 0 48100 0
67696 27085 943 460 0 48100 0
67696 27085 943 460 0 48100 0
67696 27085 943 460 0 48100 0
67696 27085 943 460 0 48100 0
67696 27085 943 460 0 48100 0
67696 27085 943 460 0 48100 0
67696 27085 943 460 0 48100 0
67696 27085 943 460 0 48100 0
67696 27085 943 460 0 48100 0
67696 27085 943 460 0 48100 0
67696 27085 943 460 0 48100 0
67696 27085 943 460 0 48100 0
67696 27085 943 460 0 48100 0
67696 27085 943 460 0 48100 0
67696 27085 943 460 0 48100 0
67696 27085 943 460 0 48100 0
67696 27085 943 460 0 48100 0
67696 27085 943 460 0 48100 0
67696 27085 943 460 0 48100 0
67696 27085 943 460 0 48100 0
67696 27085 943 460 0 48100 0
67696 27085 943 460 0 48100 0
67696 27085 943 460 0 48100 0
67696 27085 943 460 0 48100 0
67696 27085 943 460 0 48100 0
67696 27085 943 460 0 48100 0
67696 27085 943 460 0 48100 0
67696 27087 943 460 0 48100 0
67696 27087 943 460 0 48100 0
67696 27087 943 460 0 48100 0
67696 27087 943 460 0 48100 0
67696 27087 943 460 0 48100 0
67696 27087 943 460 0 48100 0
67696 27087 943 460 0 48100 0
67696 27087 943 460 0 48100 0
67696 27087 943 460 0 48100 0
67696 27087 943 460 0 48100 0
67696 27087 943 460 0 48100 0
67696 27087 943 460 0 48100 0
67696 27087 943 460 0 48100 0
67696 27087 943 460 0 48100 0
67696 27087 943 460 0 48100 0
67696 27087 943 460 0 48100 0
67696 27087 943 460 0 48100 0
67696 27087 943 460 0 48100 0
67696 27087 943 460 0 48100 0
67696 27087 943 460 0 48100 0
67696 27087 943 460 0 48100 0
67696 27087 943 460 0 48100 0
67696 27087 943 460 0 48100 0
67696 27087 943 460 0 48100 0
67696 27087 943 460 0 48100 0
67696 27087 943 460 0 48100 0
67696 27087 943 460 0 48100 0
67696 27087 943 460 0 48100 0
67696 27087 943 460 0 48100 0
67696 27087 943 460 0 48100 0
67696 27087 943 460 0 48100 0
67696 27087 943 460 0 48100 0
67696 27087 943 460 0 48100 0
67696 27087 943 460 0 48100 0
67696 27087 943 460 0 48100 0
67696 27087 943 460 0 48100 0
67696 27087 943 460 0 48100 0
67696 27087 943 460 0 48100 0
67696 27087 943 460 0 48100 0
67696 27087 943 460 0 48100 0
67696 27087 943 460 0 48100 0
67696 27087 943 460 0 48100 0
67696 27087 943 460 0 48100 0
67696 27087 943 460 0 48100 0
67696 27087 943 460 0 48100 0
67696 27087 943 460 0 48100 0
67696 27087 943 460 0 48100 0
67696 27087 943 460 0 48100 0
67696 27087 943 460 0 48100 0
67696 27087 943 460 0 48100 0
67696 27087 943 460 0 48100 0
67696 27087 943 460 0 48100 0
67696 27087 943 460 0 48100 0
67696 27087 943 460 0 48100 0
67696 27087 943 460 0 48100 0
67696 27087 943 460 0 48100 0
67696 27087 943 460 0 48100 0
67696 27087 943 460 0 48100 0
67696 27087 943 460 0 48100 0
67696 27087 943 460 0 48100 0
67696 27087 943 460 0 48100 0
67696 27087 943 460 0 48100 0
67696 27087 943 460 0 48100 0
67696 27087 943 460 0 48100 0
67696 27087 943 460 0 48100 0
67696 27087 943 460 0 48100 0
67696 27087 943 460 0 48100 0
67696 27087 943 460 0 48100 0
67696 27087 943 460 0 48100 0
67696 27087 943 460 0 48100 0
67696 27087 943 460 0 48100 0
67696 27087 943 460 0 48100 0
67696 27087 943 460 0 48100 0
67696 27087 943 460 0 48100 0
67696 27087 943 460 0 48100 0
67696 27087 943 460 0 48100 0
67696 27087 943 460 0 48100 0
67696 27087 943 460 0 48100 0
67696 27087 943 460 0 48100 0
67696 27087 943 460 0 48100 0
67696 27087 943 460 0 48100 0
67696 27087 943 460 0 48100 0
67696 27087 943 460 0 48100 0
67696 27087 943 460 0 48100 0
67696 27087 943 460 0 48100 0
67696 27087 943 460 0 48100 0
67696 27087 943 460 0 48100 0
67696 27087 943 460 0 48100 0
67696 27087 943 460 0 48100 0
67696 27087 943 460 0 48100 0
67696 27087 943 460 0 48100 0
67696 27087 943 460 0 48100 0
67696 27087 943 460 0 48100 0
67696 27087 943 460 0 48100 0
67696 27087 943 460 0 48100 0
67696 27087 943 460 0 48100 0
67696 27087 943 460 0 48100 0
67696 27087 943 460 0 48100 0
67696 27087 943 460 0 48100 0
67696 27087 943 460 0 48100 0
67696 27087 943 460 0 48100 0
67696 27087 943 460 0 48100 0
67696 27087 943 460 0 48100 0
67696 27087 943 460 0 48100 0
67696 27087 943 460 0 48100 0
67696 27087 943 460 0 48100 0
67696 27087 943 460 0 48100 0
67696 27087 943 460 0 48100 0
67696 27087 943 460 0 48100 0
67696 27087 943 460 0 48100 0
67696 27087 943 460 0 48100 0
67696 27087 943 460 0 48100 0
67696 27087 943 460 0 48100 0
67696 27087 943 460 0 48100 0
67696 27087 943 460 0 48100 0
67696 27087 943 460 0 48100 0
67696 27087 943 460 0 48100 0
67696 27087 943 460 0 48100 0
67696 27087 943 460 0 48100 0
67696 27087 943 460 0 48100 0
67696 27087 943 460 0 48100 0
67696 27087 943 460 0 48100 0
67696 27087 943 460 0 48100 0
67696 27087 943 460 0 48100 0
67696 27087 943 460 0 48100 0
67696 27087 943 460 0 48100 0
67696 27087 943 460 0 48100 0
67696 27087 943 460 0 48100 0
67696 27087 943 460 0 48100 0
67696 27087 943 460 0 48100 0
67696 27087 943 460 0 48100 0
67696 27087 943 460 0 48100 0
67696 27087 943 460 0 48100 0
67696 27087 943 460 0 48100 0
67696 27087 943 460 0 48100 0
67696 27087 943 460 0 48100 0
67696 27087 943 460 0 48100 0
67696 27087 943 460 0 48100 0
67696 27087 943 460 0 48100 0
